# ===== Python literals (paste into pushgp/evolution.py) =====
_BEHAV_PANEL_V2C_LV = np.array([
    0.0,
    1.0,
    -1.0,
    -4.429313121490904,
    3.7180681225643593,
    -1.8422510099813563,
    -2.944240111774201,
    2.978053891128174,
    3.145892309156789,
    1.9608548733364213,
    0.6036942562978478,
    -2.3775784129892843,
    -2.500005473373532,
    2.6246615516833662,
    -0.3539625139596625,
    3.597270361983945,
    -0.05242604149925789,
    1.1373780568991512,
    1.5415666842737874,
    2.864876690207292,
    4.2008138972758395,
    -2.69617102214713,
    1.9317684238743071,
    0.2428401682290362,
    -1.704661996906017,
    2.441235225475708,
    -0.9612759606610952,
    -0.04324149007083378,
    2.5828596115264704,
    1.8516089468808872,
    3.474604176889155,
    2.5876566095352604,
], dtype=np.float64)
_BEHAV_PANEL_V2C_INC = np.array([
    [0.0, 0.0, 0.0, 0.0, 0.0, 0.0, 0.0],
    [1.0, -1.0, 1.0, -1.0, 1.0, -1.0, 1.0],
    [5.0, -5.0, 5.0, -5.0, 5.0, -5.0, 5.0],
    [0.6573715864633813, -2.8697900669971674, -0.6660533867254497, -3.9372247433374716, 2.4430036450052715, -1.5331464973900335, -0.36076551353060005],
    [-5.790515963874704, 4.867168205370163, 2.1455543786937596, 2.842902646594064, 4.759032909447409, 2.8520002027393883, -1.509388485853436],
    [1.0840503274328306, -1.5228966019738888, 0.9909322642203069, -2.9777554048676476, -1.6831563563344272, 4.782692140075424, 5.735849311988561],
    [-3.8750714784056752, 2.5594133947531006, -0.20184750646504845, -0.9550211120953334, 5.138110304635452, -3.5409354816337655, -2.1989643321501107],
    [1.7490196956523132, 1.9863333349389958, -5.531669297588129, -4.854183184752477, -1.7820030053478373, 0.3695231384912816, -0.715900608659715],
    [-0.14169408186802102, 1.3236538493346428, -4.368151562359232, -4.531618072323482, -1.7757219561735482, -1.1111456233823507, 1.045374096093088],
    [-4.557764189274966, 5.854965105315712, -0.534024250499602, 3.6194092720027786, -4.64964403888508, -3.751244724387965, 1.9459940909104958],
    [5.562416982192257, 4.624521909537632, 2.3138764447769447, 5.709375584617646, -1.3055043165674602, -0.064691827437235, 0.5996209110108701],
    [-3.6084833012311486, -4.836862940277552, 0.4619417218776558, 1.1991570930214888, -4.49590049570927, -2.8619479914886603, 3.3417749592095767],
    [1.5028175744015542, -1.4052149187384142, -5.115246476524565, 5.697827228548862, -5.0515086655724035, -0.6452829222919378, 4.0651830068626165],
    [-0.8537427389187116, 4.526038961768361, -4.489258674699138, 5.295410057205586, 1.8577300849540936, 4.30551208361366, -2.2853655679716502],
    [-1.785882954968633, 0.40774282316146593, 5.527772399955381, -2.915846098121977, -2.4060178923712794, 3.6463818664324137, -5.61261711904687],
    [-5.120838856633525, -2.421740163122876, 1.4281967598247043, -4.007630301650638, 3.8360343572951265, -5.229259710844429, -1.6769583600555347],
    [-3.0351351245632534, 5.714411544425607, 3.9856261877523735, 4.6727726760680905, 5.062428131334183, -5.672915973710234, -3.913738332597487],
    [3.7823697774044156, 5.679395498560641, -3.1937163813408005, 4.046717720688809, -2.539579877289521, -5.444010886703005, 1.8478847381447476],
    [1.5756545545211793, 2.463233730810259, 3.7956877047368778, -3.4227500757758373, 5.740233275271514, -1.0423065915284173, -5.456168496336254],
    [0.3597014630319739, 4.073027171859195, 2.972539402548019, 2.708809841645106, -4.149753148865383, 2.6956218028237124, -3.3715997425672293],
    [0.35551152758383964, 5.73101482732193, 0.7445064221856974, 2.9041075859259156, -4.124538030949289, 0.9348535760499423, -2.52966106498698],
    [-0.3544633387971299, 3.0778838821170638, -1.2337055456217492, 5.278411738218821, 4.41477406731307, 0.07765703719653061, -2.1608404701921753],
    [-5.517214902971641, 4.945874501441862, -3.3223829544590457, -2.8997778753441477, -0.020336307901036577, 2.3827540268039886, 4.083327050192548],
    [0.41907001507798913, -1.2372928461618766, -1.6522643650657827, -2.6188195251475648, 2.997539695016682, -5.686068203836747, 4.817429907917713],
    [-0.5835572161254934, -4.163574753210925, -3.371921438471627, -3.3817709021662887, -0.08906687765763621, -4.858840966409547, -5.7311923282860375],
    [-3.2879042387276285, 1.6221213158549812, 3.9252647614620066, -4.13681832883501, 0.1441993000653703, 2.644914371833117, 3.2346025322058196],
    [0.379417433838551, -0.44350328941163397, -1.7996129828841454, 1.5441741351210876, -2.9515467845997883, -4.988373300026565, -2.74280634160269],
    [1.27168351871385, 4.36687413973479, 3.27625104569327, 4.2257460213300195, 2.7196773922120894, 1.526680984486159, -2.866812502895207],
    [0.5965931745006632, -2.614211460447913, -4.574865293768197, 0.8230351363159301, 2.3273984640710452, -0.24506132961844074, -5.509028732749912],
    [3.7468736875367714, 1.2363338304767808, -4.204427397878462, -1.3551720953268704, 3.9558548960378666, -2.056239957578574, 4.388991173187101],
    [-0.48420680653059023, 2.768686124090854, 4.438119279391639, -3.8294161950982284, 3.497225739458621, 1.2042256895977719, 2.1042338624001875],
    [1.5049786716371152, 4.063452842796561, 3.3000884612194454, 4.214906894577105, -1.0151343277732447, -3.2237068437863083, 3.0859013004621776],
], dtype=np.float64)
_BEHAV_PANEL_C2V_INC = np.array([
    [0.0, 0.0, 0.0, 0.0, 0.0, 0.0, 0.0],
    [1.0, -1.0, 1.0, -1.0, 1.0, -1.0, 1.0],
    [5.0, -5.0, 5.0, -5.0, 5.0, -5.0, 5.0],
    [-0.5178391694904727, 2.6913881454585997, 0.6893965279367933, 1.8281851833757727, -0.8286013560109362, -3.1867069257173304, -5.659097076536992],
    [-2.2657646788530417, 3.657798998958304, 4.793935410621382, 5.41678756463962, 2.3913063735770557, -0.858965243077499, 5.2079506644808795],
    [2.9751149388714584, 1.5776561332016588, 2.1568546868343006, 0.08020140273960052, 1.4798988147074716, 4.176045020570477, -2.886011021086163],
    [-2.91748985992837, -5.7382017385365245, 2.9473126211677005, -1.5669217350215998, -4.150815832577168, 3.2992143175245587, -0.238426789236577],
    [-0.9338151276708953, -3.5332344039154537, -4.391593076967116, 0.8101652389000176, -1.994976120639655, -5.926272239280312, 4.150729089567571],
    [1.9808704229933163, 0.2643261754245527, -4.825552122183705, 0.0841683219304219, 3.3286810213852807, -1.1534926909447805, 2.931813737457487],
    [-0.8511075407210118, -4.870494812703325, -0.6348855933444337, -4.995336057618448, -1.380612435908688, -5.182078158842726, 0.6968894880019434],
    [4.3145743723294245, 2.0470981308806078, 2.1013318818008386, -4.762539020061556, -3.336613717983235, 4.153211699100444, 3.6420859929392613],
    [-4.590389553559623, 2.0394790694098432, -3.604324191834535, 3.955765686267668, 1.111091600300922, -1.7982848563057772, 3.240892593521277],
    [-1.9190076857246865, 4.110578931262424, -3.0476009828043686, 4.989748960731244, -2.8554212456006853, 2.9052857062936503, 5.53164622283864],
    [-5.55094171215444, 5.372221886334325, -4.231011778255343, 3.7385955833503175, 5.78503825955616, 2.8221214567011863, -3.016116825953063],
    [3.914246162994882, -5.352851664381519, -0.559939803132802, 3.651151345826394, 3.3356769204751, -1.830899742528734, 3.511400758149014],
    [-1.0191216810629182, 1.4044752091800996, -1.3093944005338196, -0.5163421509582342, 1.6770875557258211, 5.7550687632028925, -4.808663493033571],
    [4.704934094292295, -5.534425249149857, -1.8688297201402726, -1.0151035625366172, -2.081630206616744, 2.8741610023813386, 1.64981416274912],
    [1.6996194626745584, 0.17423400627945362, 4.4420137621018085, 4.163860752936166, 3.114887039758699, 0.05568224456201332, -5.7931983930320285],
    [-2.9967166750083765, 5.906840038092755, 4.31914735363978, -4.716901486588957, -0.5487429334980769, 3.898920777404431, 4.764724736819014],
    [3.204537599460263, -1.4239541803443148, -2.875866209879818, -4.190555208189014, 4.931398679363552, 0.7608873158170137, -0.6186071967531612],
    [-2.9868896710251427, 1.2533370357104117, -3.98694378788222, 1.931652623017742, -2.2739609076757064, -0.5830534249185018, -4.8718994773341215],
    [-1.9252928353812608, 2.285333305432083, 0.16083672272997163, -1.7512888715496437, -0.2801949051451942, 2.9851671521625036, 1.2529905763150788],
    [1.5457489979434058, -4.778492803209793, 1.9672658823795963, -1.810282271577912, 1.6709706059741558, -5.394573925817644, 0.2920568626719495],
    [-3.940245996938802, -4.788982909538069, -5.56608152510131, 5.6261735853315855, 4.039467612474867, 4.3113416940164, 5.713212584381036],
    [-5.701369577818141, 1.1075264387288506, -5.52942344931447, 4.5990623612992305, -2.3628905365384285, 2.077210082263157, -3.2485904981588107],
    [-4.912955788828915, 4.5900785244212585, 1.4413897852105508, -3.9076848604871612, 2.088119707499539, 4.0372407385212625, 1.5048524316762455],
    [0.7588004165771904, -3.4982231078314348, -5.554842939024305, -5.428117915426038, 5.625620654253336, -3.175565791465958, 0.7902118516941243],
    [5.984537659161534, 3.3919304601487, 0.7757194106390131, 4.2798925306709314, 3.9108618382202565, 0.9056330208936281, -0.40474004461490676],
    [0.1222039253228715, 5.821370913488126, 5.566756747166259, 3.9065556716001772, 2.8973171899188657, -4.755408419082743, 1.277634566022611],
    [2.6784078835510456, 4.531876292056296, -4.166854180844967, -1.287652943466524, -5.766261504036334, -2.162266543906359, -2.481131992693572],
    [4.9952921436276245, 0.00025253092035626423, 5.7662358312432485, 0.8568771807567872, -1.8513919399745822, -0.40654511870165244, -1.6224062437682036],
    [-2.1062936729699313, 2.2218461154579785, -2.149205948248634, -4.047911888747918, -0.24109849608043454, 3.03649607205314, 4.25327242832498],
], dtype=np.float64)

// ===== C++ literals (paste into cpp_seeder/src/behav_panel.hpp) =====
static constexpr int BEHAV_PANEL_N   = 32;
static constexpr int BEHAV_PANEL_DEG = 8;
static constexpr double BEHAV_PANEL_V2C_LV[32] = {
    0.0,
    1.0,
    -1.0,
    -4.429313121490904,
    3.7180681225643593,
    -1.8422510099813563,
    -2.944240111774201,
    2.978053891128174,
    3.145892309156789,
    1.9608548733364213,
    0.6036942562978478,
    -2.3775784129892843,
    -2.500005473373532,
    2.6246615516833662,
    -0.3539625139596625,
    3.597270361983945,
    -0.05242604149925789,
    1.1373780568991512,
    1.5415666842737874,
    2.864876690207292,
    4.2008138972758395,
    -2.69617102214713,
    1.9317684238743071,
    0.2428401682290362,
    -1.704661996906017,
    2.441235225475708,
    -0.9612759606610952,
    -0.04324149007083378,
    2.5828596115264704,
    1.8516089468808872,
    3.474604176889155,
    2.5876566095352604,
};
static constexpr double BEHAV_PANEL_V2C_INC[32][7] = {
    {0.0, 0.0, 0.0, 0.0, 0.0, 0.0, 0.0},
    {1.0, -1.0, 1.0, -1.0, 1.0, -1.0, 1.0},
    {5.0, -5.0, 5.0, -5.0, 5.0, -5.0, 5.0},
    {0.6573715864633813, -2.8697900669971674, -0.6660533867254497, -3.9372247433374716, 2.4430036450052715, -1.5331464973900335, -0.36076551353060005},
    {-5.790515963874704, 4.867168205370163, 2.1455543786937596, 2.842902646594064, 4.759032909447409, 2.8520002027393883, -1.509388485853436},
    {1.0840503274328306, -1.5228966019738888, 0.9909322642203069, -2.9777554048676476, -1.6831563563344272, 4.782692140075424, 5.735849311988561},
    {-3.8750714784056752, 2.5594133947531006, -0.20184750646504845, -0.9550211120953334, 5.138110304635452, -3.5409354816337655, -2.1989643321501107},
    {1.7490196956523132, 1.9863333349389958, -5.531669297588129, -4.854183184752477, -1.7820030053478373, 0.3695231384912816, -0.715900608659715},
    {-0.14169408186802102, 1.3236538493346428, -4.368151562359232, -4.531618072323482, -1.7757219561735482, -1.1111456233823507, 1.045374096093088},
    {-4.557764189274966, 5.854965105315712, -0.534024250499602, 3.6194092720027786, -4.64964403888508, -3.751244724387965, 1.9459940909104958},
    {5.562416982192257, 4.624521909537632, 2.3138764447769447, 5.709375584617646, -1.3055043165674602, -0.064691827437235, 0.5996209110108701},
    {-3.6084833012311486, -4.836862940277552, 0.4619417218776558, 1.1991570930214888, -4.49590049570927, -2.8619479914886603, 3.3417749592095767},
    {1.5028175744015542, -1.4052149187384142, -5.115246476524565, 5.697827228548862, -5.0515086655724035, -0.6452829222919378, 4.0651830068626165},
    {-0.8537427389187116, 4.526038961768361, -4.489258674699138, 5.295410057205586, 1.8577300849540936, 4.30551208361366, -2.2853655679716502},
    {-1.785882954968633, 0.40774282316146593, 5.527772399955381, -2.915846098121977, -2.4060178923712794, 3.6463818664324137, -5.61261711904687},
    {-5.120838856633525, -2.421740163122876, 1.4281967598247043, -4.007630301650638, 3.8360343572951265, -5.229259710844429, -1.6769583600555347},
    {-3.0351351245632534, 5.714411544425607, 3.9856261877523735, 4.6727726760680905, 5.062428131334183, -5.672915973710234, -3.913738332597487},
    {3.7823697774044156, 5.679395498560641, -3.1937163813408005, 4.046717720688809, -2.539579877289521, -5.444010886703005, 1.8478847381447476},
    {1.5756545545211793, 2.463233730810259, 3.7956877047368778, -3.4227500757758373, 5.740233275271514, -1.0423065915284173, -5.456168496336254},
    {0.3597014630319739, 4.073027171859195, 2.972539402548019, 2.708809841645106, -4.149753148865383, 2.6956218028237124, -3.3715997425672293},
    {0.35551152758383964, 5.73101482732193, 0.7445064221856974, 2.9041075859259156, -4.124538030949289, 0.9348535760499423, -2.52966106498698},
    {-0.3544633387971299, 3.0778838821170638, -1.2337055456217492, 5.278411738218821, 4.41477406731307, 0.07765703719653061, -2.1608404701921753},
    {-5.517214902971641, 4.945874501441862, -3.3223829544590457, -2.8997778753441477, -0.020336307901036577, 2.3827540268039886, 4.083327050192548},
    {0.41907001507798913, -1.2372928461618766, -1.6522643650657827, -2.6188195251475648, 2.997539695016682, -5.686068203836747, 4.817429907917713},
    {-0.5835572161254934, -4.163574753210925, -3.371921438471627, -3.3817709021662887, -0.08906687765763621, -4.858840966409547, -5.7311923282860375},
    {-3.2879042387276285, 1.6221213158549812, 3.9252647614620066, -4.13681832883501, 0.1441993000653703, 2.644914371833117, 3.2346025322058196},
    {0.379417433838551, -0.44350328941163397, -1.7996129828841454, 1.5441741351210876, -2.9515467845997883, -4.988373300026565, -2.74280634160269},
    {1.27168351871385, 4.36687413973479, 3.27625104569327, 4.2257460213300195, 2.7196773922120894, 1.526680984486159, -2.866812502895207},
    {0.5965931745006632, -2.614211460447913, -4.574865293768197, 0.8230351363159301, 2.3273984640710452, -0.24506132961844074, -5.509028732749912},
    {3.7468736875367714, 1.2363338304767808, -4.204427397878462, -1.3551720953268704, 3.9558548960378666, -2.056239957578574, 4.388991173187101},
    {-0.48420680653059023, 2.768686124090854, 4.438119279391639, -3.8294161950982284, 3.497225739458621, 1.2042256895977719, 2.1042338624001875},
    {1.5049786716371152, 4.063452842796561, 3.3000884612194454, 4.214906894577105, -1.0151343277732447, -3.2237068437863083, 3.0859013004621776},
};
static constexpr double BEHAV_PANEL_C2V_INC[32][7] = {
    {0.0, 0.0, 0.0, 0.0, 0.0, 0.0, 0.0},
    {1.0, -1.0, 1.0, -1.0, 1.0, -1.0, 1.0},
    {5.0, -5.0, 5.0, -5.0, 5.0, -5.0, 5.0},
    {-0.5178391694904727, 2.6913881454585997, 0.6893965279367933, 1.8281851833757727, -0.8286013560109362, -3.1867069257173304, -5.659097076536992},
    {-2.2657646788530417, 3.657798998958304, 4.793935410621382, 5.41678756463962, 2.3913063735770557, -0.858965243077499, 5.2079506644808795},
    {2.9751149388714584, 1.5776561332016588, 2.1568546868343006, 0.08020140273960052, 1.4798988147074716, 4.176045020570477, -2.886011021086163},
    {-2.91748985992837, -5.7382017385365245, 2.9473126211677005, -1.5669217350215998, -4.150815832577168, 3.2992143175245587, -0.238426789236577},
    {-0.9338151276708953, -3.5332344039154537, -4.391593076967116, 0.8101652389000176, -1.994976120639655, -5.926272239280312, 4.150729089567571},
    {1.9808704229933163, 0.2643261754245527, -4.825552122183705, 0.0841683219304219, 3.3286810213852807, -1.1534926909447805, 2.931813737457487},
    {-0.8511075407210118, -4.870494812703325, -0.6348855933444337, -4.995336057618448, -1.380612435908688, -5.182078158842726, 0.6968894880019434},
    {4.3145743723294245, 2.0470981308806078, 2.1013318818008386, -4.762539020061556, -3.336613717983235, 4.153211699100444, 3.6420859929392613},
    {-4.590389553559623, 2.0394790694098432, -3.604324191834535, 3.955765686267668, 1.111091600300922, -1.7982848563057772, 3.240892593521277},
    {-1.9190076857246865, 4.110578931262424, -3.0476009828043686, 4.989748960731244, -2.8554212456006853, 2.9052857062936503, 5.53164622283864},
    {-5.55094171215444, 5.372221886334325, -4.231011778255343, 3.7385955833503175, 5.78503825955616, 2.8221214567011863, -3.016116825953063},
    {3.914246162994882, -5.352851664381519, -0.559939803132802, 3.651151345826394, 3.3356769204751, -1.830899742528734, 3.511400758149014},
    {-1.0191216810629182, 1.4044752091800996, -1.3093944005338196, -0.5163421509582342, 1.6770875557258211, 5.7550687632028925, -4.808663493033571},
    {4.704934094292295, -5.534425249149857, -1.8688297201402726, -1.0151035625366172, -2.081630206616744, 2.8741610023813386, 1.64981416274912},
    {1.6996194626745584, 0.17423400627945362, 4.4420137621018085, 4.163860752936166, 3.114887039758699, 0.05568224456201332, -5.7931983930320285},
    {-2.9967166750083765, 5.906840038092755, 4.31914735363978, -4.716901486588957, -0.5487429334980769, 3.898920777404431, 4.764724736819014},
    {3.204537599460263, -1.4239541803443148, -2.875866209879818, -4.190555208189014, 4.931398679363552, 0.7608873158170137, -0.6186071967531612},
    {-2.9868896710251427, 1.2533370357104117, -3.98694378788222, 1.931652623017742, -2.2739609076757064, -0.5830534249185018, -4.8718994773341215},
    {-1.9252928353812608, 2.285333305432083, 0.16083672272997163, -1.7512888715496437, -0.2801949051451942, 2.9851671521625036, 1.2529905763150788},
    {1.5457489979434058, -4.778492803209793, 1.9672658823795963, -1.810282271577912, 1.6709706059741558, -5.394573925817644, 0.2920568626719495},
    {-3.940245996938802, -4.788982909538069, -5.56608152510131, 5.6261735853315855, 4.039467612474867, 4.3113416940164, 5.713212584381036},
    {-5.701369577818141, 1.1075264387288506, -5.52942344931447, 4.5990623612992305, -2.3628905365384285, 2.077210082263157, -3.2485904981588107},
    {-4.912955788828915, 4.5900785244212585, 1.4413897852105508, -3.9076848604871612, 2.088119707499539, 4.0372407385212625, 1.5048524316762455},
    {0.7588004165771904, -3.4982231078314348, -5.554842939024305, -5.428117915426038, 5.625620654253336, -3.175565791465958, 0.7902118516941243},
    {5.984537659161534, 3.3919304601487, 0.7757194106390131, 4.2798925306709314, 3.9108618382202565, 0.9056330208936281, -0.40474004461490676},
    {0.1222039253228715, 5.821370913488126, 5.566756747166259, 3.9065556716001772, 2.8973171899188657, -4.755408419082743, 1.277634566022611},
    {2.6784078835510456, 4.531876292056296, -4.166854180844967, -1.287652943466524, -5.766261504036334, -2.162266543906359, -2.481131992693572},
    {4.9952921436276245, 0.00025253092035626423, 5.7662358312432485, 0.8568771807567872, -1.8513919399745822, -0.40654511870165244, -1.6224062437682036},
    {-2.1062936729699313, 2.2218461154579785, -2.149205948248634, -4.047911888747918, -0.24109849608043454, 3.03649607205314, 4.25327242832498},
};